[DASH_CAM]
POS=-0.359116,1.05754,-0.573741
EXP=27
