[DASH_CAM]
POS=-0.332402,0.992275,-0.114826
EXP=33
