[SETTINGS]
WIDTH=1.10186016559601
LENGTH=2.62830448150635

