[DASH_CAM]
POS=0.363485,1.08157,-0.0818011
EXP=27
