[HEADER]
EDIT_MODE=0
INTENSITY=30.0
EDIT_BIG=1
EDIT_STATE=2
BURN_FUEL_MULT=15
FLASH_THRESHOLD=4

[FLAME_0]
POSITION=0.5519182,0.3015092,-2.312194
DIRECTION=0,0,-1
VSIZE_START=1.04
VSIZE_END=10.1
LSIZE=0.2
SIZE_MULT=1.1
IS_LEFT=1
GROUP=0

[FLAME_1]
POSITION=0.4356255,0.3011643,-2.326355
DIRECTION=0,0,-1
VSIZE_START=1.04
VSIZE_END=10.1
LSIZE=0.2
SIZE_MULT=1.1
IS_LEFT=1
GROUP=1


[FLAME_2]
POSITION=-0.5519182,0.3015092,-2.312194
DIRECTION=0,0,-1
VSIZE_START=1.04
VSIZE_END=10.1
LSIZE=0.2
SIZE_MULT=1.1
IS_LEFT=1
GROUP=2

[FLAME_3]
POSITION=-0.4356255,0.3011643,-2.326355
DIRECTION=0,0,-1
VSIZE_START=1.04
VSIZE_END=10.1
LSIZE=0.2
SIZE_MULT=1.1
IS_LEFT=1
GROUP=3

