[DASH_CAM]
POS=0.308396,0.932072,-0.405066
EXP=27
