[DASH_CAM]
POS=-0.355672,0.910733,-0.227496
EXP=27
