[DASH_CAM]
POS=0.381004,1.03207,-0.138186
EXP=27
