[DASH_CAM]
POS=0.378629,0.854655,-0.271369
EXP=27
