[DASH_CAM]
POS=-0.344597,0.936688,-0.0902526
EXP=25
