[DASH_CAM]
POS=0.370005,1.10664,-0.100431
EXP=21
