[DASH_CAM]
POS=0.36105,1.09927,-0.179508
EXP=27

